987 8610
832040 7467222
39088169 346424492
987 2156
233 2679
6765 52531
10946 84407
1 519
21 590
5702887 48569440
2178309 18984799
233 2988
39088169 509
9227465 77639333
75025 578374
28657 220136
144 9917
6765 2010
1346269 11950437
46368 358342
17711 147725
14930352 130057286
0 4292
610 6005
2 1128
5 1102
144 905
14930352 414
2 344
5 702
4181 33042
2 423
1346269 376
6765 786
317811 2523751
121393 952195
46368 1644
1 1300
5702887 635
0 844
63245986 587151707
1 18684
21 1692
3 3089
24157817 210370760
5702887 4528
832040 1345
9227465 836
39088169 1315
317811 622
3 785
987 932
1346269 974
3524578 34166610
0 2436
3 993
317811 1064
3524578 776
63245986 612
121393 821
3 1079
21 887
89 2170
8 2615
121393 842
121393 386
6765 274
3524578 1011
2 506
4181 345
63245986 938
2584 21036
3 645
1346269 906
3524578 704
3524578 606
10946 396
1 963
4181 351
13 1408
3524578 627
28657 482
63245986 490
55 1723
610 634
9227465 857
5702887 472
46368 1032
3 608
2 455
21 457
832040 1030
21 896
317811 428
34 26089
2178309 479
55 1001
24157817 811
46368 633
1 13551
46368 481
10946 694
28657 1004
21 1131
2 745
89 1059
4181 325
4181 537
5702887 771
233 942
2 597
144 953
1597 26088
24157817 727
144 643
4181 1149
1597 1113
233 977
3 445
1597 981
5 1045
5 939
1597 920
39088169 1124
144 1059
28657 972
1597 725
832040 473
196418 1610938
55 1277
832040 587
5702887 425
75025 1137
377 15836
21 327
2 824
987 849
144 482
233 324
17711 530
14930352 351
5 912
987 1076
987 311
3 355
377 965
10946 893
89 893
9227465 337
34 14184
3 429
5702887 1089
46368 1021
610 452
1 937
89 461
1 330
610 797
46368 331
1 1052
28657 530
28657 896
39088169 461
28657 1051
89 715
21 508
9227465 480
13 15551
17711 966
317811 883
121393 734
987 306
17711 320
832040 707
0 535
233 1444
4181 875
8 18559
1 1142
2584 36806
377 1011
10946 336
2 648
46368 296
0 964
514229 4028927
21 1713
8 16173
1 12444
55 684
39088169 1119
514229 4174668
196418 1528096
5702887 596
3524578 425
55 631
2178309 806
39088169 522
34 12421
317811 845
10946 245
196418 1518857
4181 1123
28657 872
39088169 298
3524578 900
1597 1217
46368 730
3524578 778
8 1065
17711 29092
377 2541
987 1156
610 659
46368 694
55 1886
4181 1210
2 446
24157817 312
377 1100
144 978
9227465 881
39088169 1051
233 784
75025 658286
832040 902
14930352 427
46368 534
10946 924
233 648
21 278
10946 713
39088169 974
2 691
14930352 1145
75025 511
4181 379
4181 1111
9227465 1054
144 974
14930352 635
13 13570
2584 32523
2 581
144 252
3524578 913
24157817 749
2584 607
17711 1179
1 13767
1346269 252
3 333
233 360
196418 1633466
17711 852
832040 712
610 434
10946 1004
1597 572
3524578 965
14930352 593
317811 1001
28657 699
6765 929
63245986 898
9227465 708
9227465 355
1 12686
8 12357
1 693
987 429
233 942
121393 757
24157817 776
13 13038
28657 319
24157817 845
24157817 769
121393 822
17711 944
39088169 441
2178309 22857739
514229 4073862
14930352 1469
832040 847
317811 952
832040 892
5 1110
75025 589757
1 823
24157817 1054
144 1081
10946 784
2 627
0 467
10946 709
1 632
75025 630
5702887 798
39088169 842
75025 974
6765 279
2 647
8 916
10946 1023
610 967
2178309 968
233 1205
28657 573
21 1108
610 320
89 275
144 191
17711 517
17711 339
6765 767
1 381
2178309 948
63245986 805
5702887 933
1 754
2584 33775
8 883
987 428
28657 1328
514229 5944592
1597 2618
2 1471
24157817 489
832040 755
89 628
3 1135
3 886
8 1568
10946 1750
6765 968
24157817 911
14930352 914
34 16008
14930352 261
34 1151
121393 638
317811 1000
10946 869
1 1170
8 608
2584 35156
233 1136
5 1056
10946 355
63245986 507
6765 840
1346269 789
196418 1532932
514229 4027152
3524578 1126
2 706
55 767
1597 472
4181 407
5702887 1051
514229 1091
34 14759
9227465 907
9227465 532
3524578 1114
233 434
21 654
832040 505
21 244
121393 308
1 368
14930352 716
4181 509
5702887 574
1 1235
233 436
2584 65495
28657 1393
63245986 1315
2 738
1597 824
610 791
196418 1569735
377 15778
5 691
89 764
89 417
4181 1114
24157817 537
34 13220
987 555
28657 821
987 893
5702887 605
28657 631
2 1055
34 1209
6765 342
13 12616
1346269 14419456
9227465 1354
2584 1361
4181 677
63245986 1046
34 579
317811 383
63245986 2147
1 403
610 537
63245986 1024
514229 4175698
21 1635
610 926
55 985
4181 819
24157817 846
121393 905
514229 1186
75025 1050
987 231
196418 1545167
5702887 1036
377 15934
987 922
9227465 957
5702887 843
1 499
6765 522
46368 307
9227465 957
55 354
1 997
34 659
0 12695
5 870
63245986 1237
610 511
121393 1210
2584 989
610 757
121393 753
233 1161
0 1086
17711 1100
144 938
24157817 491
4181 702
9227465 547
610 953
1346269 10935549
13 13620
75025 601546
55 1103
3 521
4181 752
3 1075
21 980
63245986 968
377 17979
144 430
46368 260
55 245
8 442
34 513
987 875
6765 800
63245986 719
317811 706
46368 640
8 603
63245986 5614
3524578 1078
5 366
5 792
196418 1538758
3524578 939
6765 526
13 11897
1 404
987 925
13 751
21 781
39088169 385
2584 906
144 910
34 350
1 321
196418 2342772
63245986 3005
46368 2683
377 27803
144 1540
4181 1020
21 1119
21 800
514229 4962719
2584 1943
3524578 688
377 955
