1597 18806
121393 1447613
3 2206
5702887 50994573
987 7587
196418 1451928
610 4604
34 335
1 109
89 764
55 501
8 151
5702887 48500657
75025 578048
4181 32191
14930352 132952215
4181 42964
514229 4565474
233 2183
4181 32102
75025 811855
2584 20147
9227465 77872447
1346269 12742698
17711 135907
39088169 333147219
3524578 29804328
0 554
2584 19984
196418 1633649
832040 6489511
832040 6658740
1597 12314
1346269 10987250
3 755
9227465 87314724
5702887 51076907
6765 52279
4181 32165
46368 355784
3 123
46368 355669
28657 221774
28657 223307
121393 1101204
233 2020
10946 83993
2178309 24021408
1 767
9227465 109288164
1597 19993
233 2983
144 1715
377 4287
2178309 26179798
14930352 176907254
63245986 573265005
610 6678
1 125
13 280
0 128
377 3771
4181 44247
121393 976327
13 380
3 128
55 515
8 178
4181 32119
514229 3964709
46368 444888
14930352 127422742
832040 8008859
2584 20151
514229 3978915
610 4823
55 529
10946 83902
34 353
55 519
34 360
3524578 31772555
2178309 19679148
75025 553617
10946 80897
13 198
0 97
55 487
2 109
75025 589556
63245986 546575651
34 786
1 131
1346269 12319969
377 3266
2178309 18912644
1346269 10962743
24157817 212655763
1346269 11837501
89 1005
2178309 19454005
121393 930906
5702887 50253762
2 429
1 118
0 102
3 131
6765 51934
121393 959174
233 1810
63245986 701616568
55 1566
832040 10071443
28657 374042
2 255
1346269 16515239
121393 1474485
89 1494
610 6691
832040 9977012
5 750
1 137
987 12591
514229 6153638
9227465 81901456
63245986 565872225
55 911
21 235
21 253
14930352 133119691
1 696
10946 83856
121393 929955
10946 84129
121393 989659
377 3014
5 128
3524578 29967906
9227465 88500181
39088169 365672705
13 806
8 2199
5702887 50435589
1346269 11885398
5702887 53455421
5702887 51167487
987 11901
6765 69483
3524578 33336041
1 332
10946 105823
1 213
14930352 158726797
9227465 82497013
10946 123859
75025 608107
5702887 50082536
0 400
28657 219272
24157817 237243441
5702887 47972945
13 407
121393 971047
1 300
63245986 554397436
514229 4120867
28657 219689
89 804
377 2979
1 113
39088169 355488685
987 14232
2584 24904
514229 4796065
2584 25109
3524578 30373990
9227465 88926854
5702887 60962486
2584 20642
121393 980172
10946 84297
17711 136390
832040 6634501
2584 20070
514229 3954439
377 3108
1 91
21 244
63245986 583656932
6765 57718
89 804
2178309 20531881
46368 370411
8 204
28657 274573
832040 7358120
8 399
14930352 135231775
196418 1605620
28657 220339
233 1885
89 766
144 1183
233 1869
196418 1601335
317811 2510678
75025 575248
832040 6492350
144 1305
5702887 55961221
17711 216791
17711 212572
10946 133016
5702887 65179767
4181 45453
8 329
0 143
21 416
196418 1749754
13 442
2584 19820
1597 12316
144 1183
1346269 12513275
63245986 613366654
10946 110455
514229 6136622
6765 75041
4181 41481
34 478
75025 738297
196418 1933929
46368 456987
196418 1531359
121393 956550
9227465 80998349
28657 336794
196418 2323514
121393 1155311
121393 967474
377 3192
89 788
2 124
10946 83895
0 103
1597 12304
196418 1535352
89 1017
89 776
2178309 19700691
63245986 580800068
832040 7628513
34 632
46368 355883
377 3602
13 190
5 128
987 7927
63245986 554313560
17711 135967
9227465 76971000
46368 502385
121393 1372961
144 2182
24157817 214202870
1 754
46368 490360
46368 505515
89 1700
1 187
13 284
1 220
3 168
55 734
0 221
514229 5627671
144 2065
1346269 11902131
2178309 20495634
514229 4054345
10946 80841
5702887 48437851
8 431
987 7640
8 217
6765 61033
987 7694
21 254
2 130
1597 12324
9227465 82698233
233 4190
0 146
55 577
1597 15099
233 2997
8 364
34 348
196418 1554969
39088169 341966718
4181 38673
89 813
5 140
55 503
832040 6470302
1597 12614
9227465 79801049
28657 290319
1346269 13561720
39088169 344003923
987 10658
21 662
10946 86471
987 7616
377 2952
4181 32231
832040 7976946
987 7886
2178309 16982047
6765 69674
2584 19904
8 186
377 2966
1346269 14191640
317811 2989578
75025 651285
89 1006
1346269 10411215
514229 4050504
28657 211658
24157817 206957328
14930352 132709373
121393 930205
14930352 126248958
63245986 547375447
4181 42089
13 294
987 7696
987 7563
233 1865
5702887 47050358
5 378
55 493
34 330
2 112
317811 2461540
987 7411
610 4593
144 1135
6765 49974
39088169 338571514
21 957
233 2555
0 171
121393 1209027
75025 752988
144 1513
6765 64262
5702887 49807840
21 727
89 794
233 1863
233 1862
9227465 77435513
514229 4762594
1346269 11480867
55 1859
10946 97023
1 148
832040 6551802
610 4834
13 185
1 97
5702887 47943306
2178309 20852502
39088169 337602653
9227465 77715193
514229 5679052
9227465 77767022
1 446
21 295
1597 12387
514229 4330933
13 361
75025 600934
377 2968
21 241
1 92
5702887 47615711
377 3121
1 137
1597 12276
2 122
233 1871
28657 219416
1597 12326
39088169 354675871
10946 143170
46368 567708
24157817 205802082
196418 1572241
10946 84475
514229 4149396
5702887 49907719
13 754
0 153
144 1480
987 10643
6765 70132
24157817 210714109
75025 931552
3 323
3 108
13 193
5702887 46701136
1597 12159
13 252
832040 8387171
2 645
514229 5456951
10946 113232
10946 113431
1 138
0 106
17711 182468
10946 112299
377 3865
2178309 17884462
832040 7262913
14930352 134183211
196418 1527407
1 138
3524578 33211423
3524578 32993242
89 950
8 157
46368 388971
317811 2489190
13 179
5 125
8 141
144 1150
377 2866
2584 19134
21 255
144 1130
5702887 54428934
610 18189
10946 80880
1 87
1 108
196418 1746687
0 516
4181 56601
10946 83963
14930352 134246514
55 801
10946 83954
196418 1730330
5 401
5702887 45619264
28657 219873
6765 51900
13 192
121393 1271358
13 499
2584 26257
196418 2446918
121393 1487373
2584 31122
6765 80583
6765 116273
28657 360997
0 171
28657 365925
4181 65721
8 236
28657 366598
121393 1524488
1 280
3 122
2 157
1 136
17711 135638
28657 225597
1 106
4181 32127
1597 12273
987 7649
24157817 219784760
34 825
9227465 78171475
10946 125098
5 194
1597 14920
1 139
514229 5340351
10946 81135
1 112
34 340
